1746331307.1237721
1746331307.2212703
1746331309.0742974
1746331309.2722988
1746331309.8539133
1746331310.0534983
1746331311.9502635
1746331312.1453388
1746331312.5842726
1746331312.7790713
1746331312.9744089
1746331313.1691585
1746331313.3640928
1746331313.6566114
1746331314.0961723
1746331314.1934245
1746331314.583851
1746331314.6802957
1746331314.9728727
1746331315.0704844
1746331315.6066978
1746331315.7041109
1746331316.6791718
1746331316.8748615
1746331320.2868998
1746331320.481857
1746331320.9215307
1746331321.0184937
1746331321.8967323
1746331322.0907967
1746331322.5296044
1746331322.627038
1746331323.018954
1746331323.5056355
1746331323.5087962
1746331324.0408037
1746331324.4319181
1746331324.4344707
1746331324.5282342
1746331324.723346
1746331324.9199133
1746331324.9202511
1746331325.1136725
1746331325.1176467
1746331325.9421105
1746331325.9462438
1746331326.4357698
1746331326.437917
1746331326.5289195
1746331326.624684
1746331326.7220972
1746331326.8197877
1746331326.9177518
1746331326.920889
1746331327.063331
1746331327.0651433
1746331327.6484065
1746331327.844153
1746331328.1367826
1746331328.140021
1746331328.964697
1746331329.3553357
1746331329.5497115
1746331329.5521193
1746331330.038738
1746331330.1347294
1746331330.476001
1746331330.8660085
1746331331.2576854
1746331331.5485687
1746331331.7445862
1746331331.7483695
1746331331.841499
1746331332.0871987
1746331332.1823666
1746331332.6750774
1746331332.6775262
1746331332.767432
1746331333.3525326
1746331333.3560529
1746331333.596392
1746331334.084297
1746331334.278639
1746331334.47488
1746331334.57127
1746331334.5742931
1746331334.7189417
1746331334.7668898
1746331335.2058573
1746331335.5963235
1746331335.7950447
1746331335.7978048
1746331335.88832
1746331336.2775986
1746331336.3749979
1746331336.7173288
1746331336.7188797
1746331337.2037234
1746331337.2059448
1746331337.49632
1746331338.7154205
1746331339.1058009
1746331339.1080031
1746331339.3987331
1746331339.9345481
1746331340.226507
1746331340.3255503
1746331340.518969
1746331341.3037286
1746331341.7381287
1746331342.1279507
1746331342.3243418
1746331344.0291505
1746331344.2258759
1746331344.4190636
1746331344.6158183
1746331345.3454986
1746331345.5404217
1746331346.3210685
1746331346.567202
1746331347.149342
1746331347.5393343
1746331350.0253909
1746331350.4644253